0 51
1 52
1 53
2 54
2 55
3 56
3 57
4 58
4 59
5 3
6 60
6 61
7 62
7 63
8 64
8 294
10 65
10 291
11 66
11 67
12 68
12 285
13 69
13 70
14 71
14 72
15 73
15 74
16 75
16 235
17 76
17 180
18 77
18 78
19 68
19 280
20 68
20 242
21 20
21 278
22 21
22 279
23 79
23 175
24 23
24 179
25 23
25 178
26 24
26 270
27 15
27 143
28 27
28 277
29 24
29 268
30 29
30 269
31 80
31 81
32 31
32 173
33 31
33 168
34 82
34 83
35 34
35 167
36 34
36 163
37 84
37 85
38 37
38 166
39 37
39 165
40 33
40 172
41 86
41 160
42 33
42 169
43 87
43 159
44 88
45 89
45 90
46 75
46 232
47 1
47 140
49 91
51 47
51 8
51 48
52 140
53 445
53 52
54 139
55 54
55 92
57 56
57 93
58 94
58 95
60 396
61 396
62 75
62 229
63 75
63 224
64 96
65 97
66 98
66 607
67 98
67 607
68 99
70 100
72 101
73 143
74 102
75 103
76 104
77 68
77 239
78 105
79 106
80 107
80 108
81 107
81 108
82 109
82 110
83 109
83 110
84 111
84 112
85 113
85 114
86 115
87 116
88 117
88 118
89 44
89 409
90 44
90 409
91 119
92 121
93 121
94 2
94 139
95 120
95 94
96 294
97 291
98 122
98 152
99 242
99 285
99 284
99 439
99 418
99 290
99 393
99 431
99 433
99 264
99 241
99 239
99 280
102 143
103 387
103 538
103 534
103 313
103 232
103 528
103 309
103 406
103 536
103 521
103 235
103 530
103 438
103 305
103 311
103 417
103 532
103 524
103 317
103 229
103 307
103 219
103 526
103 221
103 430
103 224
104 180
105 68
105 239
106 174
106 254
106 175
106 213
107 125
107 149
108 46
109 126
109 146
110 46
111 112
112 36
112 164
113 36
113 164
114 46
115 160
116 547
116 159
116 218
117 127
118 128
118 129
120 121
122 130
123 398
124 131
125 132
126 133
127 128
127 129
128 134
128 135
129 117
129 118
130 152
130 399
131 136
132 149
133 146
134 137
134 145
135 137
135 144
137 138
138 145
138 220
138 144
138 225
140 141
140 142
142 445
142 555
143 20
143 274
144 145
145 75
145 219
146 147
146 148
147 148
147 110
148 163
148 167
149 150
149 151
150 151
150 108
151 173
151 168
152 153
152 607
153 154
153 155
154 445
154 156
155 156
155 157
156 44
156 408
157 158
158 123
158 124
159 42
159 370
160 161
160 162
161 46
163 164
163 253
164 165
164 166
168 263
168 286
168 172
168 255
168 282
168 169
169 170
169 369
170 171
171 369
172 79
172 174
175 176
175 177
176 179
176 178
177 131
178 20
178 271
179 20
179 265
180 181
180 608
181 447
181 448
181 449
181 450
181 608
182 183
182 184
183 185
184 186
184 187
185 186
185 187
186 188
186 189
187 190
187 191
188 189
188 615
189 192
189 193
190 194
190 195
191 190
191 196
192 197
192 198
193 199
194 451
194 452
194 453
194 454
194 455
194 456
194 195
194 457
194 458
194 459
194 460
194 461
194 462
194 463
194 464
194 465
195 200
195 201
196 190
196 202
197 203
198 203
199 192
199 204
200 79
200 213
201 205
201 368
202 206
202 364
203 207
203 208
204 209
204 210
205 211
206 212
207 240
207 203
208 131
209 192
209 204
210 192
210 204
211 368
212 364
213 214
213 215
214 87
214 218
215 216
215 320
216 217
217 320
218 216
218 320
219 137
219 220
220 75
220 221
221 222
221 314
222 223
223 310
223 314
223 308
223 312
223 306
224 137
224 225
225 226
226 227
227 228
229 230
229 304
230 231
231 304
231 226
232 233
232 303
233 234
234 303
234 392
234 422
234 440
234 391
234 407
234 413
235 236
235 237
236 238
236 237
237 540
237 541
238 540
238 541
239 17
239 240
240 68
240 241
241 281
241 258
241 283
241 256
242 243
242 244
243 245
244 246
244 247
245 248
246 18
246 256
247 249
247 250
249 251
249 252
250 46
251 33
251 255
252 36
252 253
253 79
253 254
254 18
254 256
255 36
255 253
256 257
256 258
257 259
257 260
258 68
258 264
259 33
259 263
260 261
260 259
261 262
262 259
263 18
263 258
264 278
264 274
264 265
264 271
265 266
265 267
266 270
266 268
267 131
268 269
269 437
271 272
271 273
273 131
274 275
274 276
275 277
276 131
277 390
278 279
280 18
280 281
281 33
281 282
282 18
282 283
283 68
283 284
285 33
285 286
286 287
286 288
287 68
287 290
288 289
289 68
289 290
291 292
291 300
292 293
293 300
294 295
294 297
295 296
296 297
297 298
297 395
298 299
299 395
300 301
300 378
301 302
302 378
303 245
304 75
304 305
305 222
305 306
306 75
306 307
307 222
307 308
308 75
308 309
309 222
309 310
310 75
310 311
311 222
311 312
312 75
312 313
313 230
313 226
314 315
314 316
315 466
315 467
315 468
315 469
315 470
315 471
315 472
315 473
315 474
315 475
316 75
316 317
317 318
317 616
318 319
319 535
319 527
319 522
319 525
319 616
319 539
319 537
319 529
319 533
319 531
320 321
320 322
321 323
322 324
322 325
323 326
323 327
324 323
325 328
325 329
326 330
326 331
327 332
327 333
328 334
329 335
329 336
330 337
330 614
331 330
331 327
332 338
332 339
333 332
333 340
334 341
334 611
335 342
336 343
336 371
337 613
337 614
338 346
339 347
339 348
340 349
340 350
341 351
341 352
342 353
342 336
343 354
344 183
344 184
345 183
345 184
346 344
346 345
347 357
348 357
349 358
349 359
350 358
350 359
351 611
352 341
352 611
353 360
353 361
354 371
355 346
356 346
357 332
357 333
358 362
358 363
359 362
359 363
360 446
360 361
361 353
361 336
362 338
362 339
363 338
363 339
364 365
364 190
365 366
365 367
366 194
366 195
367 194
367 195
368 323
369 370
371 372
371 373
372 374
372 419
373 374
373 419
374 375
375 419
376 409
376 408
377 131
378 379
378 380
379 381
379 380
380 382
380 383
382 384
382 385
383 68
383 393
384 385
384 386
385 75
385 387
386 385
386 606
387 388
387 389
388 233
388 392
389 28
389 390
390 233
390 391
391 381
392 381
393 394
394 384
394 385
395 6
395 396
396 49
396 397
397 11
397 398
398 122
398 399
399 400
399 401
400 402
400 403
401 7
402 75
402 406
403 404
403 412
404 405
405 412
406 233
406 407
407 7
408 227
409 410
409 411
411 131
412 413
412 414
413 415
413 421
414 75
414 417
415 416
416 421
417 68
417 418
418 233
418 413
419 215
419 420
420 323
421 422
421 423
422 424
422 425
423 75
423 430
424 426
424 441
425 427
425 432
426 428
427 429
428 441
429 432
430 68
430 431
431 233
431 422
432 68
432 433
433 434
433 435
434 436
435 30
435 437
436 30
436 437
437 75
437 438
438 68
438 439
439 233
439 440
440 227
441 442
441 443
442 444
443 444
444 427
444 432
446 476
447 477
448 478
448 479
449 16
449 540
450 480
450 481
451 482
452 483
453 484
453 612
454 330
455 485
455 486
456 487
456 488
457 483
458 483
459 482
460 482
461 489
461 490
462 482
463 453
463 491
464 492
464 493
465 494
465 610
466 75
466 538
467 245
468 75
468 536
469 75
469 534
470 75
470 532
471 75
471 530
472 75
472 528
473 75
473 526
474 75
474 524
475 75
475 521
476 17
476 203
477 182
478 477
479 477
480 477
481 477
482 495
482 496
483 494
483 610
484 476
485 476
486 497
486 498
487 499
488 463
488 500
489 476
490 501
490 502
491 330
492 330
493 503
493 504
494 476
495 330
496 505
497 506
497 609
498 507
499 463
499 500
500 330
501 508
501 509
502 510
503 511
503 512
504 511
504 512
505 355
505 356
506 513
506 609
507 330
508 514
508 515
509 514
509 515
510 330
511 516
511 517
512 516
512 517
513 518
513 609
514 519
514 520
515 519
515 520
516 492
517 492
518 548
518 609
519 330
520 330
521 318
521 522
522 523
523 376
523 377
524 318
524 525
525 523
526 318
526 527
527 523
528 318
528 529
529 523
530 318
530 531
531 523
532 318
532 533
533 523
534 318
534 535
535 523
536 318
536 537
537 523
538 318
538 539
539 523
540 16
540 541
541 542
542 543
542 544
543 87
543 547
544 545
544 546
545 543
545 544
546 543
546 544
547 477
548 549
548 550
549 551
549 552
550 551
550 552
551 553
551 554
552 553
552 554
553 330
554 330
555 141
555 556
556 445
556 555
557 121
558 426
559 557
560 557
561 557
562 557
563 557
564 557
565 557
566 557
567 557
568 557
569 557
570 557
571 557
572 557
573 557
574 557
575 557
576 557
577 557
578 557
579 557
580 557
581 557
582 557
583 557
584 557
585 557
586 557
587 557
588 557
589 557
590 557
591 557
592 557
593 557
596 2
597 3
598 4
599 5
600 47
601 48
602 49
603 54
604 56
605 59
606 381
607 158
608 477
609 507
610 482
611 323
612 330
613 505
614 346
615 476
616 523
617 662
618 663
618 664
619 665
619 666
620 667
620 668
621 669
621 670
622 671
622 672
623 673
623 674
624 675
624 882
626 676
626 879
627 677
627 678
628 679
628 809
629 680
629 807
632 744
633 680
633 806
634 680
634 795
635 680
635 794
636 634
636 877
637 636
637 878
638 634
638 871
639 634
639 868
640 638
640 876
641 632
641 744
642 641
642 867
643 638
643 874
644 643
644 875
645 681
645 682
646 683
646 784
647 684
647 685
648 686
648 775
649 687
649 688
650 689
650 690
651 646
651 791
652 691
652 769
653 646
653 788
654 692
654 693
655 694
656 695
656 696
657 697
657 766
658 618
658 741
660 698
660 699
662 700
663 741
664 701
664 663
665 740
666 665
666 703
668 667
668 704
669 619
669 740
671 620
672 671
672 705
673 697
673 763
674 697
674 758
675 706
676 707
677 708
677 709
678 708
678 709
679 710
680 711
681 683
681 781
682 657
683 712
684 686
684 772
685 657
686 713
687 714
687 715
688 716
688 717
689 718
690 719
690 720
691 721
692 653
692 974
693 692
693 693
694 722
694 723
695 655
695 994
696 655
696 994
697 724
698 725
699 725
700 658
700 624
700 659
701 702
703 702
704 702
705 1025
705 1130
706 882
707 879
708 726
708 747
709 727
709 728
710 809
711 806
711 795
711 894
711 807
711 1017
711 1003
711 1019
711 794
712 784
712 781
713 775
713 772
714 715
715 648
715 780
716 648
716 780
717 657
718 648
718 779
719 657
720 648
720 779
721 769
722 729
723 730
723 731
724 1107
724 991
724 758
724 766
724 1119
724 963
724 755
724 971
724 1002
724 1021
724 961
724 1113
724 1088
724 959
724 967
724 1016
724 753
724 1109
724 763
724 1091
724 965
724 898
724 1105
724 1117
724 1111
724 1103
724 1115
725 732
726 733
727 983
728 734
729 730
729 731
730 735
730 736
731 722
731 723
733 747
733 984
734 737
735 738
735 746
736 738
736 745
738 739
739 746
739 754
739 745
739 759
741 742
741 743
743 1025
743 1128
744 634
744 864
745 746
746 697
746 753
747 709
747 748
748 749
748 750
749 1025
749 751
750 751
750 752
751 655
751 993
752 709
753 738
753 754
754 697
754 755
755 756
755 968
756 757
757 960
757 962
757 966
757 964
757 968
758 738
758 759
759 760
760 761
761 762
763 764
763 958
764 765
765 958
765 760
766 767
766 957
767 768
768 992
768 1022
768 998
768 956
768 957
768 891
768 1008
769 770
769 771
770 657
772 773
772 774
773 774
773 685
775 776
775 777
776 779
776 804
776 780
777 778
777 776
778 657
781 782
781 783
782 783
782 682
784 785
784 786
785 788
785 862
785 860
785 805
785 791
785 808
786 787
786 785
787 657
788 789
788 955
789 790
790 955
791 792
791 954
792 793
793 954
793 953
794 633
794 861
795 796
795 797
796 798
797 799
797 800
798 801
799 633
799 853
800 802
800 803
802 646
802 805
803 648
803 804
804 792
804 953
805 648
805 804
806 628
806 852
807 646
807 808
809 810
809 811
810 1037
810 1038
810 811
810 1039
810 1040
811 812
812 813
813 814
813 815
814 816
814 817
815 816
815 817
816 818
816 819
817 820
817 821
818 822
818 819
819 823
819 824
820 825
820 826
821 820
821 827
822 628
822 835
823 828
824 829
824 830
825 826
825 1041
825 1042
825 1043
825 909
825 1044
825 1045
825 1046
825 1047
825 1048
825 1049
825 1050
825 1051
825 1052
825 1053
825 1054
826 831
826 832
827 820
827 833
828 834
828 835
829 834
829 835
830 836
830 837
831 838
831 952
832 839
832 840
833 841
833 948
834 835
835 842
835 843
836 844
836 845
837 844
837 845
838 846
839 847
839 848
840 849
840 902
841 850
842 835
842 852
843 734
844 828
845 836
845 837
846 952
847 849
847 902
848 847
848 848
849 851
850 948
851 902
852 855
852 863
852 853
852 861
853 854
853 855
854 856
854 857
855 868
855 864
855 877
855 871
856 646
856 860
857 858
857 856
858 859
859 856
860 633
860 855
861 646
861 862
862 633
862 863
864 865
864 866
865 867
866 734
867 901
868 869
868 870
870 734
871 872
871 873
872 874
872 876
873 734
874 875
875 1020
877 878
879 880
879 888
880 881
881 888
882 883
882 885
883 884
884 885
885 886
885 981
886 887
887 981
888 889
888 890
889 891
889 890
890 892
890 893
892 697
892 898
893 680
893 894
894 895
894 896
895 697
895 898
896 891
896 897
897 895
898 899
898 900
899 767
899 891
900 642
900 901
901 767
901 956
902 903
902 904
903 905
903 906
904 907
904 908
905 909
905 906
906 910
906 911
907 912
908 913
908 914
909 915
909 916
910 915
910 917
911 918
911 919
912 905
912 906
913 920
913 921
914 922
914 923
915 924
915 925
916 915
916 926
917 927
917 928
918 929
918 930
919 929
919 930
920 912
921 931
921 932
922 923
922 933
923 934
923 978
924 814
924 815
925 814
925 815
926 935
926 936
927 937
928 937
929 938
929 939
930 938
930 939
931 912
932 940
932 941
933 942
933 943
934 944
935 924
935 925
936 924
936 925
937 910
937 911
938 915
938 917
939 915
939 917
940 912
941 945
941 946
942 943
942 1026
943 923
943 947
944 978
945 912
946 940
946 941
947 942
947 943
948 949
948 820
949 950
949 951
950 825
950 826
951 825
951 826
952 912
953 633
953 853
955 974
956 891
957 798
958 697
958 959
959 756
959 960
960 697
960 961
961 756
961 962
962 697
962 963
963 756
963 964
964 697
964 965
965 756
965 966
966 697
966 967
967 764
967 760
968 969
968 970
969 1027
969 1028
969 1029
969 1030
969 1031
969 1032
969 1033
969 1034
969 1035
969 1036
970 697
970 971
971 972
971 975
972 973
973 1106
973 1112
973 1116
973 975
973 1118
973 1120
973 1110
973 1104
973 1108
973 1114
975 976
975 977
976 993
976 994
977 734
978 979
978 1004
979 980
980 1004
981 660
981 982
982 627
982 983
983 726
983 984
984 985
984 986
985 987
985 988
986 623
987 697
987 991
988 989
988 997
989 990
990 997
991 767
991 992
992 623
993 761
994 995
994 996
996 734
997 998
997 999
998 1000
998 1007
999 697
999 1002
1000 1001
1001 1007
1002 680
1002 1003
1003 767
1003 998
1004 1005
1004 1006
1005 849
1005 902
1006 912
1007 1008
1007 1009
1008 1010
1008 1011
1009 697
1009 1016
1010 1012
1010 1023
1011 1013
1011 1018
1012 1014
1013 1015
1014 1023
1015 1018
1016 680
1016 1017
1017 767
1017 1008
1018 680
1018 1019
1019 644
1019 1020
1020 697
1020 1021
1021 767
1021 1022
1022 761
1023 1024
1024 1013
1024 1018
1026 628
1026 835
1027 697
1027 1119
1028 697
1028 1117
1029 697
1029 1115
1030 697
1030 1113
1031 697
1031 1111
1032 697
1032 1109
1033 798
1034 697
1034 1107
1035 697
1035 1105
1036 697
1036 1103
1037 697
1037 1088
1038 1055
1038 1056
1039 812
1040 1057
1040 1058
1041 1059
1042 1060
1042 1059
1043 915
1043 1061
1044 1054
1045 1062
1045 1063
1046 1052
1046 909
1047 1064
1047 1065
1048 1054
1049 1059
1050 1066
1050 1067
1051 1068
1051 1069
1052 1070
1052 909
1053 1059
1054 1060
1054 1059
1055 813
1056 812
1057 812
1058 812
1059 1068
1059 1069
1060 822
1061 1071
1061 1072
1062 1046
1062 909
1063 1046
1063 909
1064 822
1065 1073
1065 909
1066 822
1067 1074
1067 909
1068 915
1069 935
1069 936
1070 822
1071 1075
1071 1076
1072 1075
1072 1076
1073 1077
1073 1078
1074 909
1074 1079
1075 1080
1075 1081
1076 1080
1076 1081
1077 1082
1077 1083
1078 1082
1078 1083
1079 1084
1079 909
1080 916
1081 916
1082 1085
1082 1086
1083 1085
1083 1086
1084 1087
1084 909
1085 909
1086 909
1087 909
1087 1121
1088 1089
1088 1090
1089 697
1089 1091
1090 697
1090 1091
1091 1092
1091 1093
1092 1094
1092 1095
1093 1094
1093 1095
1094 1096
1094 1097
1095 1098
1095 1099
1096 812
1097 1096
1097 1097
1098 1100
1098 1101
1099 1100
1099 1101
1100 1102
1101 1098
1101 1099
1102 1096
1102 1097
1103 972
1103 1104
1104 975
1105 972
1105 1106
1106 975
1107 972
1107 1108
1108 975
1109 972
1109 1110
1110 975
1111 972
1111 1112
1112 975
1113 972
1113 1114
1114 975
1115 972
1115 1116
1116 975
1117 972
1117 1118
1118 975
1119 972
1119 1120
1120 975
1121 1122
1121 1123
1122 1124
1122 1125
1123 1124
1123 1125
1124 1126
1124 1127
1125 1126
1125 1127
1126 909
1127 909
1128 742
1128 1129
1129 1025
1129 1128
1130 620
1131 702
1132 1012
1133 1131
1134 1131
1135 1131
1136 1131
1137 1131
1138 1131
1139 1131
1140 1131
1141 1131
1142 1131
1143 1131
1144 1131
1145 1131
1146 1131
1147 1131
1148 1131
1149 1131
1150 1131
1151 1131
1152 1131
1153 1131
1154 1131
1155 1131
1156 1131
1157 1131
1158 1131
1159 1131
1160 1131
1161 1131
1162 1131
1163 1131
1164 1131
1165 1131
1166 1131
1169 619
1170 620
1171 621
1172 622
1173 658
1174 659
1175 660
1176 665
1177 667
1178 672
1179 698
